{
	"asset": {
		"generator": "VISUALIZEGLTF",
		"version" : "2.0"
	},
	"extensionsUsed": [ "KHR_materials_ior","KHR_materials_sheen","KHR_materials_emissive_strength","KHR_materials_specular","KHR_materials_transmission","KHR_materials_volume" ],
	"scenes": [
		{
			"name": "Default",
			"nodes": [
				0]
		}
	],
	"nodes": [
		{
			"children": [
				1, 45, 46, 47
			]
			,"name": "Racine"		}
,
		{
			"children": [
				2
			]
			,"matrix": [
				-0.9999998,					0,					0,					0,
				0,					1,					1.311342E-07,					0,
				0,					1.311342E-07,					-1,					0,
				0,					376.0342,					0,					1
			]
			,"name": "14905997-NIE70 RATP CL2 700 1200-840 POM1 113 CL - R6572"		}
,
		{
			"children": [
				3, 4, 5, 6, 7, 8, 9, 10, 11, 12, 13, 14, 15, 16, 17, 18, 19, 20, 21, 22, 23, 24, 25, 26, 27, 28, 29, 30, 31, 32, 33, 34, 35, 36, 37, 38, 39, 40, 41, 42, 43, 44
			]
			,"name": "Racine[1]"		}
,
		{
			"matrix": [
				1,					0,					0,					0,
				0,					0.8068255,					0.5907916,					0,
				0,					-0.5907916,					0.8068255,					0,
				0,					-1.692772E-05,					0,					1
			]
			,"mesh": 0
			,"name": "7478-COUP FLAS MOBI NIEP 70 V2 - Pièce"		}
,
		{
			"matrix": [
				1,					0,					0,					0,
				0,					0.8068255,					0.5907916,					0,
				0,					-0.5907916,					0.8068255,					0,
				0,					-1.692772E-05,					0,					1
			]
			,"mesh": 1
			,"name": "45919-ANTI ROTA NIE70 CLOSE&CONNECT - Pièce"		}
,
		{
			"matrix": [
				1,					0,					0,					0,
				0,					0.8068255,					0.5907916,					0,
				0,					-0.5907916,					0.8068255,					0,
				0,					-1.692772E-05,					0,					1
			]
			,"mesh": 2
			,"name": "11632-JOIN ETAN NIEP 70 V2_joint comprimé - Pièce"		}
,
		{
			"matrix": [
				1,					0,					0,					0,
				0,					0.8068255,					0.5907916,					0,
				0,					-0.5907916,					0.8068255,					0,
				0,					-1.692772E-05,					0,					1
			]
			,"mesh": 3
			,"name": "11806-PE WT PG11-13+ JOIN SI NIEP70-1 - Pièce"		}
,
		{
			"matrix": [
				1,					0,					0,					0,
				0,					0.8068255,					0.5907916,					0,
				0,					-0.5907916,					0.8068255,					0,
				0,					-1.692772E-05,					0,					1
			]
			,"mesh": 4
			,"name": "11806-PE WT PG11-13+ JOIN SI NIEP70-2 - Pièce"		}
,
		{
			"matrix": [
				1,					0,					0,					0,
				0,					0.8068255,					0.5907916,					0,
				0,					-0.5907916,					0.8068255,					0,
				0,					-1.692772E-05,					0,					1
			]
			,"mesh": 5
			,"name": "11806-PE WT PG11-13+ JOIN SI NIEP70-3 - Pièce"		}
,
		{
			"matrix": [
				1,					0,					0,					0,
				0,					0.8068255,					0.5907916,					0,
				0,					-0.5907916,					0.8068255,					0,
				0,					-1.692772E-05,					0,					1
			]
			,"mesh": 6
			,"name": "11806-PE WT PG11-13+ JOIN SI NIEP70-4 - Pièce"		}
,
		{
			"matrix": [
				1,					0,					0,					0,
				0,					0.8068255,					0.5907916,					0,
				0,					-0.5907916,					0.8068255,					0,
				0,					-1.692772E-05,					0,					1
			]
			,"mesh": 7
			,"name": "7483-ROND FLAS MOB NIEP 70 - Pièce"		}
,
		{
			"matrix": [
				1,					0,					0,					0,
				0,					0.8068255,					0.5907916,					0,
				0,					-0.5907916,					0.8068255,					0,
				0,					-1.692772E-05,					0,					1
			]
			,"mesh": 8
			,"name": "7863-FLAS070 BRU NSMC - Pièce"		}
,
		{
			"matrix": [
				1,					0,					0,					0,
				0,					0.8068255,					0.5907916,					0,
				0,					-0.5907916,					0.8068255,					0,
				0,					-1.692772E-05,					0,					1
			]
			,"mesh": 9
			,"name": "11807-ECRO PG13 A COLL  NIEP70 - Pièce"		}
,
		{
			"matrix": [
				1,					0,					0,					0,
				0,					0.8068255,					0.5907916,					0,
				0,					-0.5907916,					0.8068255,					0,
				0,					-1.692772E-05,					0,					1
			]
			,"mesh": 10
			,"name": "11563-ECRO PG11 NICK  D 4011101 - Pièce"		}
,
		{
			"matrix": [
				1,					0,					0,					0,
				0,					0.8068255,					0.5907916,					0,
				0,					-0.5907916,					0.8068255,					0,
				0,					-1.692772E-05,					0,					1
			]
			,"mesh": 11
			,"name": "7198-FLAS NIEP 70 - Pièce"		}
,
		{
			"matrix": [
				1,					0,					0,					0,
				0,					0.8068255,					0.5907916,					0,
				0,					-0.5907916,					0.8068255,					0,
				0,					-1.692772E-05,					0,					1
			]
			,"mesh": 12
			,"name": "11632-JOIN ETAN NIEP 70 V2_joint comprimé-2 - Pièce"		}
,
		{
			"matrix": [
				1,					0,					0,					0,
				0,					0.8068255,					0.5907916,					0,
				0,					-0.5907916,					0.8068255,					0,
				0,					-1.692772E-05,					0,					1
			]
			,"mesh": 13
			,"name": "45980-COUP FLAS SPE NIE70V3 H9 - Pièce"		}
,
		{
			"matrix": [
				1,					0,					0,					0,
				0,					0.8068255,					0.5907916,					0,
				0,					-0.5907916,					0.8068255,					0,
				0,					-1.692772E-05,					0,					1
			]
			,"mesh": 14
			,"name": "45982-ROND DE SOUD ECROU H=11 - Pièce"		}
,
		{
			"matrix": [
				1,					0,					0,					0,
				0,					0.8068255,					0.5907916,					0,
				0,					-0.5907916,					0.8068255,					0,
				0,					-1.692772E-05,					0,					1
			]
			,"mesh": 15
			,"name": "45931-ECROU AVEU M8 TP HEXA INOX A2 - Pièce"		}
,
		{
			"matrix": [
				1,					0,					0,					0,
				0,					0.8068255,					0.5907916,					0,
				0,					-0.5907916,					0.8068255,					0,
				0,					-1.692772E-05,					0,					1
			]
			,"mesh": 16
			,"name": "45981-COUP FLAS SPE NIE70V3 H9 PERCE - Pièce"		}
,
		{
			"matrix": [
				1,					0,					0,					0,
				0,					0.8068255,					0.5907916,					0,
				0,					-0.5907916,					0.8068255,					0,
				0,					-1.692772E-05,					0,					1
			]
			,"mesh": 17
			,"name": "45977-VIS M 8-25 BHC INOX A2_vis F HC M 8 X  20 - Pièce"		}
,
		{
			"mesh": 18
			,"name": "46034-RONDELLE PLATE 8.1X12X1.3 PA-6_Rondelle plate moyenne  8 - Pièce"		}
,
		{
			"mesh": 19
			,"name": "45979-ENTRETOISE 8.2 X 18 X 10 - Pièce"		}
,
		{
			"mesh": 20
			,"name": "46035-RONDELLE IMPERDABLE M8 - Pièce"		}
,
		{
			"matrix": [
				0.1539449,					-0.5509074,					-0.8202478,					0,
				0.9074771,					-0.2495768,					0.337938,					0,
				-0.3908854,					-0.7963815,					0.4615114,					0,
				-459.7738,					32.76544,					-312.7755,					1
			]
			,"mesh": 21
			,"name": "44854-CORP PO 70-65-746 CL_S10398-corps_po_70_693 - Pièce"		}
,
		{
			"matrix": [
				1,					0,					0,					0,
				0,					0.8068255,					0.5907916,					0,
				0,					-0.5907916,					0.8068255,					0,
				0,					-1.692772E-05,					0,					1
			]
			,"mesh": 22
			,"name": "45595-SC CAPOT FEMELLE SMART CONNECT - Pièce"		}
,
		{
			"matrix": [
				1,					0,					0,					0,
				0,					0.8068255,					0.5907916,					0,
				0,					-0.5907916,					0.8068255,					0,
				0,					-1.692772E-05,					0,					1
			]
			,"mesh": 23
			,"name": "45597-SC PARTIE FEMELLE SMARTCONNECT - Pièce"		}
,
		{
			"matrix": [
				1,					0,					0,					0,
				0,					0.8068255,					0.5907916,					0,
				0,					-0.5907916,					0.8068255,					0,
				0,					-1.692772E-05,					0,					1
			]
			,"mesh": 24
			,"name": "45854-SC BROCHE À VISSER - Pièce"		}
,
		{
			"matrix": [
				1,					0,					0,					0,
				0,					0.8068255,					0.5907916,					0,
				0,					-0.5907916,					0.8068255,					0,
				0,					-1.692772E-05,					0,					1
			]
			,"mesh": 25
			,"name": "45854-SC BROCHE À VISSER-2 - Pièce"		}
,
		{
			"matrix": [
				1,					0,					0,					0,
				0,					0.8068255,					0.5907916,					0,
				0,					-0.5907916,					0.8068255,					0,
				0,					-1.692772E-05,					0,					1
			]
			,"mesh": 26
			,"name": "45855-SC VIS POUR BROCHE M3 X 5.5 X 3.6 - Pièce"		}
,
		{
			"matrix": [
				1,					0,					0,					0,
				0,					0.8068255,					0.5907916,					0,
				0,					-0.5907916,					0.8068255,					0,
				0,					-1.692772E-05,					0,					1
			]
			,"mesh": 27
			,"name": "45855-SC VIS POUR BROCHE M3 X 5.5 X 3.6-2 - Pièce"		}
,
		{
			"matrix": [
				1,					0,					0,					0,
				0,					0.8068255,					0.5907916,					0,
				0,					-0.5907916,					0.8068255,					0,
				0,					-1.692772E-05,					0,					1
			]
			,"mesh": 28
			,"name": "45857-SC INSERT CLOU CANNELÉ TF 2.5 X 8 - Pièce"		}
,
		{
			"matrix": [
				1,					0,					0,					0,
				0,					0.8068255,					0.5907916,					0,
				0,					-0.5907916,					0.8068255,					0,
				0,					-1.692772E-05,					0,					1
			]
			,"mesh": 29
			,"name": "45857-SC INSERT CLOU CANNELÉ TF 2.5 X 8-2 - Pièce"		}
,
		{
			"matrix": [
				1,					0,					0,					0,
				0,					0.8068255,					0.5907916,					0,
				0,					-0.5907916,					0.8068255,					0,
				0,					-1.692772E-05,					0,					1
			]
			,"mesh": 30
			,"name": "41848-1ERE PART SUSP NIE70 RENF SAUT - Pièce"		}
,
		{
			"matrix": [
				1,					0,					0,					0,
				0,					0.8068255,					0.5907916,					0,
				0,					-0.5907916,					0.8068255,					0,
				0,					-1.692772E-05,					0,					1
			]
			,"mesh": 31
			,"name": "40989-RENF SUSP NIE70 - Pièce"		}
,
		{
			"matrix": [
				1,					0,					0,					0,
				0,					0.8068255,					0.5907916,					0,
				0,					-0.5907916,					0.8068255,					0,
				0,					-1.692772E-05,					0,					1
			]
			,"mesh": 32
			,"name": "41847-2EME PART SUSP NIE70 RENF SAUT - Pièce"		}
,
		{
			"matrix": [
				1,					0,					0,					0,
				0,					0.8068255,					0.5907916,					0,
				0,					-0.5907916,					0.8068255,					0,
				0,					-1.692772E-05,					0,					1
			]
			,"mesh": 33
			,"name": "6424-2EME PART SAUTERELLE - Pièce"		}
,
		{
			"matrix": [
				1,					0,					0,					0,
				0,					0.8068255,					0.5907916,					0,
				0,					-0.5907916,					0.8068255,					0,
				0,					-1.692772E-05,					0,					1
			]
			,"mesh": 34
			,"name": "6423-1ERE PART SAUTERELLE - Pièce"		}
,
		{
			"matrix": [
				1,					0,					0,					0,
				0,					0.8068255,					0.5907916,					0,
				0,					-0.5907916,					0.8068255,					0,
				0,					-1.692772E-05,					0,					1
			]
			,"mesh": 35
			,"name": "11146-RESS DE SAUTERELLE_Ø70 - Pièce"		}
,
		{
			"matrix": [
				1,					0,					0,					0,
				0,					0.8068255,					0.5907916,					0,
				0,					-0.5907916,					0.8068255,					0,
				0,					-1.692772E-05,					0,					1
			]
			,"mesh": 36
			,"name": "41848-1ERE PART SUSP NIE70 RENF SAUT-2 - Pièce"		}
,
		{
			"matrix": [
				1,					0,					0,					0,
				0,					0.8068255,					0.5907916,					0,
				0,					-0.5907916,					0.8068255,					0,
				0,					-1.692772E-05,					0,					1
			]
			,"mesh": 37
			,"name": "40989-RENF SUSP NIE70-2 - Pièce"		}
,
		{
			"matrix": [
				1,					0,					0,					0,
				0,					0.8068255,					0.5907916,					0,
				0,					-0.5907916,					0.8068255,					0,
				0,					-1.692772E-05,					0,					1
			]
			,"mesh": 38
			,"name": "41847-2EME PART SUSP NIE70 RENF SAUT-2 - Pièce"		}
,
		{
			"matrix": [
				1,					0,					0,					0,
				0,					0.8068255,					0.5907916,					0,
				0,					-0.5907916,					0.8068255,					0,
				0,					-1.692772E-05,					0,					1
			]
			,"mesh": 39
			,"name": "6424-2EME PART SAUTERELLE-2 - Pièce"		}
,
		{
			"matrix": [
				1,					0,					0,					0,
				0,					0.8068255,					0.5907916,					0,
				0,					-0.5907916,					0.8068255,					0,
				0,					-1.692772E-05,					0,					1
			]
			,"mesh": 40
			,"name": "6423-1ERE PART SAUTERELLE-2 - Pièce"		}
,
		{
			"matrix": [
				1,					0,					0,					0,
				0,					0.8068255,					0.5907916,					0,
				0,					-0.5907916,					0.8068255,					0,
				0,					-1.692772E-05,					0,					1
			]
			,"mesh": 41
			,"name": "11146-RESS DE SAUTERELLE_Ø70-2 - Pièce"		}
,
		{
			"matrix": [
				0.7036407,					-8.456408E-07,					-0.710556,					0,
				-0.07190312,					0.9948668,					-0.07120452,					0,
				0.7069086,					0.1011936,					0.7000286,					0,
				904.3029,					525.4115,					976.6436,					1
			]
			,"camera": 0
			,"name": "Default Camera"		}
,
		{
			"name": "High Contrast Ramp"		}
,
		{
			"name": "Studio Soft Grey 12"		}
	],
	"cameras": [
		{
			"type": "perspective",
			"perspective" : {
				"aspectRatio": 1.777778,
				"yfov" : 0.2617994,
				"zfar" : 100,
				"znear" : 0.01
			}
		}
	],
	"meshes" : [
		{
			"primitives" : [
				{
					"attributes" : {
					"POSITION" : 1
					,"NORMAL" : 2
					,"TEXCOORD_0" : 3
					},
					"indices" : 0,
					"mode": 4,
					"material" : 0
				}
			]
		},
		{
			"primitives" : [
				{
					"attributes" : {
					"POSITION" : 5
					,"NORMAL" : 6
					,"TEXCOORD_0" : 7
					},
					"indices" : 4,
					"mode": 4,
					"material" : 1
				}
			]
		},
		{
			"primitives" : [
				{
					"attributes" : {
					"POSITION" : 9
					,"NORMAL" : 10
					,"TEXCOORD_0" : 11
					},
					"indices" : 8,
					"mode": 4,
					"material" : 2
				}
			]
		},
		{
			"primitives" : [
				{
					"attributes" : {
					"POSITION" : 13
					,"NORMAL" : 14
					,"TEXCOORD_0" : 15
					},
					"indices" : 12,
					"mode": 4,
					"material" : 3
				}
			]
		},
		{
			"primitives" : [
				{
					"attributes" : {
					"POSITION" : 17
					,"NORMAL" : 18
					,"TEXCOORD_0" : 19
					},
					"indices" : 16,
					"mode": 4,
					"material" : 4
				}
			]
		},
		{
			"primitives" : [
				{
					"attributes" : {
					"POSITION" : 21
					,"NORMAL" : 22
					,"TEXCOORD_0" : 23
					},
					"indices" : 20,
					"mode": 4,
					"material" : 5
				}
			]
		},
		{
			"primitives" : [
				{
					"attributes" : {
					"POSITION" : 25
					,"NORMAL" : 26
					,"TEXCOORD_0" : 27
					},
					"indices" : 24,
					"mode": 4,
					"material" : 6
				}
			]
		},
		{
			"primitives" : [
				{
					"attributes" : {
					"POSITION" : 29
					,"NORMAL" : 30
					,"TEXCOORD_0" : 31
					},
					"indices" : 28,
					"mode": 4,
					"material" : 7
				}
			]
		},
		{
			"primitives" : [
				{
					"attributes" : {
					"POSITION" : 33
					,"NORMAL" : 34
					,"TEXCOORD_0" : 35
					},
					"indices" : 32,
					"mode": 4,
					"material" : 8
				}
			]
		},
		{
			"primitives" : [
				{
					"attributes" : {
					"POSITION" : 37
					,"NORMAL" : 38
					,"TEXCOORD_0" : 39
					},
					"indices" : 36,
					"mode": 4,
					"material" : 9
				}
			]
		},
		{
			"primitives" : [
				{
					"attributes" : {
					"POSITION" : 41
					,"NORMAL" : 42
					,"TEXCOORD_0" : 43
					},
					"indices" : 40,
					"mode": 4,
					"material" : 10
				}
			]
		},
		{
			"primitives" : [
				{
					"attributes" : {
					"POSITION" : 45
					,"NORMAL" : 46
					,"TEXCOORD_0" : 47
					},
					"indices" : 44,
					"mode": 4,
					"material" : 11
				}
			]
		},
		{
			"primitives" : [
				{
					"attributes" : {
					"POSITION" : 49
					,"NORMAL" : 50
					,"TEXCOORD_0" : 51
					},
					"indices" : 48,
					"mode": 4,
					"material" : 12
				}
			]
		},
		{
			"primitives" : [
				{
					"attributes" : {
					"POSITION" : 53
					,"NORMAL" : 54
					,"TEXCOORD_0" : 55
					},
					"indices" : 52,
					"mode": 4,
					"material" : 13
				}
			]
		},
		{
			"primitives" : [
				{
					"attributes" : {
					"POSITION" : 57
					,"NORMAL" : 58
					,"TEXCOORD_0" : 59
					},
					"indices" : 56,
					"mode": 4,
					"material" : 14
				}
			]
		},
		{
			"primitives" : [
				{
					"attributes" : {
					"POSITION" : 61
					,"NORMAL" : 62
					,"TEXCOORD_0" : 63
					},
					"indices" : 60,
					"mode": 4,
					"material" : 15
				}
			]
		},
		{
			"primitives" : [
				{
					"attributes" : {
					"POSITION" : 65
					,"NORMAL" : 66
					,"TEXCOORD_0" : 67
					},
					"indices" : 64,
					"mode": 4,
					"material" : 16
				}
			]
		},
		{
			"primitives" : [
				{
					"attributes" : {
					"POSITION" : 69
					,"NORMAL" : 70
					,"TEXCOORD_0" : 71
					},
					"indices" : 68,
					"mode": 4,
					"material" : 17
				}
			]
		},
		{
			"primitives" : [
				{
					"attributes" : {
					"POSITION" : 73
					,"NORMAL" : 74
					,"TEXCOORD_0" : 75
					},
					"indices" : 72,
					"mode": 4,
					"material" : 18
				}
			]
		},
		{
			"primitives" : [
				{
					"attributes" : {
					"POSITION" : 77
					,"NORMAL" : 78
					,"TEXCOORD_0" : 79
					},
					"indices" : 76,
					"mode": 4,
					"material" : 19
				}
			]
		},
		{
			"primitives" : [
				{
					"attributes" : {
					"POSITION" : 81
					,"NORMAL" : 82
					,"TEXCOORD_0" : 83
					},
					"indices" : 80,
					"mode": 4,
					"material" : 20
				}
			]
		},
		{
			"primitives" : [
				{
					"attributes" : {
					"POSITION" : 85
					,"NORMAL" : 86
					,"TEXCOORD_0" : 87
					},
					"indices" : 84,
					"mode": 4,
					"material" : 21
				}
			]
		},
		{
			"primitives" : [
				{
					"attributes" : {
					"POSITION" : 89
					,"NORMAL" : 90
					,"TEXCOORD_0" : 91
					},
					"indices" : 88,
					"mode": 4,
					"material" : 22
				}
			]
		},
		{
			"primitives" : [
				{
					"attributes" : {
					"POSITION" : 93
					,"NORMAL" : 94
					,"TEXCOORD_0" : 95
					},
					"indices" : 92,
					"mode": 4,
					"material" : 23
				},
				{
					"attributes" : {
					"POSITION" : 97
					,"NORMAL" : 98
					,"TEXCOORD_0" : 99
					},
					"indices" : 96,
					"mode": 4,
					"material" : 23
				}
			]
		},
		{
			"primitives" : [
				{
					"attributes" : {
					"POSITION" : 101
					,"NORMAL" : 102
					,"TEXCOORD_0" : 103
					},
					"indices" : 100,
					"mode": 4,
					"material" : 24
				}
			]
		},
		{
			"primitives" : [
				{
					"attributes" : {
					"POSITION" : 105
					,"NORMAL" : 106
					,"TEXCOORD_0" : 107
					},
					"indices" : 104,
					"mode": 4,
					"material" : 25
				}
			]
		},
		{
			"primitives" : [
				{
					"attributes" : {
					"POSITION" : 109
					,"NORMAL" : 110
					,"TEXCOORD_0" : 111
					},
					"indices" : 108,
					"mode": 4,
					"material" : 26
				}
			]
		},
		{
			"primitives" : [
				{
					"attributes" : {
					"POSITION" : 113
					,"NORMAL" : 114
					,"TEXCOORD_0" : 115
					},
					"indices" : 112,
					"mode": 4,
					"material" : 27
				}
			]
		},
		{
			"primitives" : [
				{
					"attributes" : {
					"POSITION" : 117
					,"NORMAL" : 118
					,"TEXCOORD_0" : 119
					},
					"indices" : 116,
					"mode": 4,
					"material" : 28
				}
			]
		},
		{
			"primitives" : [
				{
					"attributes" : {
					"POSITION" : 121
					,"NORMAL" : 122
					,"TEXCOORD_0" : 123
					},
					"indices" : 120,
					"mode": 4,
					"material" : 29
				}
			]
		},
		{
			"primitives" : [
				{
					"attributes" : {
					"POSITION" : 125
					,"NORMAL" : 126
					,"TEXCOORD_0" : 127
					},
					"indices" : 124,
					"mode": 4,
					"material" : 30
				}
			]
		},
		{
			"primitives" : [
				{
					"attributes" : {
					"POSITION" : 129
					,"NORMAL" : 130
					,"TEXCOORD_0" : 131
					},
					"indices" : 128,
					"mode": 4,
					"material" : 31
				}
			]
		},
		{
			"primitives" : [
				{
					"attributes" : {
					"POSITION" : 133
					,"NORMAL" : 134
					,"TEXCOORD_0" : 135
					},
					"indices" : 132,
					"mode": 4,
					"material" : 32
				}
			]
		},
		{
			"primitives" : [
				{
					"attributes" : {
					"POSITION" : 137
					,"NORMAL" : 138
					,"TEXCOORD_0" : 139
					},
					"indices" : 136,
					"mode": 4,
					"material" : 33
				}
			]
		},
		{
			"primitives" : [
				{
					"attributes" : {
					"POSITION" : 141
					,"NORMAL" : 142
					,"TEXCOORD_0" : 143
					},
					"indices" : 140,
					"mode": 4,
					"material" : 34
				}
			]
		},
		{
			"primitives" : [
				{
					"attributes" : {
					"POSITION" : 145
					,"NORMAL" : 146
					,"TEXCOORD_0" : 147
					},
					"indices" : 144,
					"mode": 4,
					"material" : 35
				}
			]
		},
		{
			"primitives" : [
				{
					"attributes" : {
					"POSITION" : 149
					,"NORMAL" : 150
					,"TEXCOORD_0" : 151
					},
					"indices" : 148,
					"mode": 4,
					"material" : 36
				}
			]
		},
		{
			"primitives" : [
				{
					"attributes" : {
					"POSITION" : 153
					,"NORMAL" : 154
					,"TEXCOORD_0" : 155
					},
					"indices" : 152,
					"mode": 4,
					"material" : 37
				}
			]
		},
		{
			"primitives" : [
				{
					"attributes" : {
					"POSITION" : 157
					,"NORMAL" : 158
					,"TEXCOORD_0" : 159
					},
					"indices" : 156,
					"mode": 4,
					"material" : 38
				}
			]
		},
		{
			"primitives" : [
				{
					"attributes" : {
					"POSITION" : 161
					,"NORMAL" : 162
					,"TEXCOORD_0" : 163
					},
					"indices" : 160,
					"mode": 4,
					"material" : 39
				}
			]
		},
		{
			"primitives" : [
				{
					"attributes" : {
					"POSITION" : 165
					,"NORMAL" : 166
					,"TEXCOORD_0" : 167
					},
					"indices" : 164,
					"mode": 4,
					"material" : 40
				}
			]
		},
		{
			"primitives" : [
				{
					"attributes" : {
					"POSITION" : 169
					,"NORMAL" : 170
					,"TEXCOORD_0" : 171
					},
					"indices" : 168,
					"mode": 4,
					"material" : 41
				}
			]
		}
	],
	"accessors" : [
			{
				"bufferView": 3,
				"byteOffset" : 0,
				"componentType" : 5125,
				"count" : 14208,
				"type" : "SCALAR"
			},
			{
				"bufferView": 0,
				"byteOffset" : 0,
				"componentType" : 5126,
				"count" : 3036,
				"type" : "VEC3"
								,"min": [-29.9408016,185.424301,260.09671]
								,"max": [29.9408016,234.188156,300.048981]
			},
			{
				"bufferView": 1,
				"byteOffset" : 0,
				"componentType" : 5126,
				"count" : 3036,
				"type" : "VEC3"
			},
			{
				"bufferView": 2,
				"byteOffset" : 0,
				"componentType" : 5126,
				"count" : 3036,
				"type" : "VEC2"
			},
			{
				"bufferView": 7,
				"byteOffset" : 0,
				"componentType" : 5125,
				"count" : 5664,
				"type" : "SCALAR"
			},
			{
				"bufferView": 4,
				"byteOffset" : 0,
				"componentType" : 5126,
				"count" : 2104,
				"type" : "VEC3"
								,"min": [-15.5,180.630692,244.58992]
								,"max": [15.5,233.430267,295.248718]
			},
			{
				"bufferView": 5,
				"byteOffset" : 0,
				"componentType" : 5126,
				"count" : 2104,
				"type" : "VEC3"
			},
			{
				"bufferView": 6,
				"byteOffset" : 0,
				"componentType" : 5126,
				"count" : 2104,
				"type" : "VEC2"
			},
			{
				"bufferView": 11,
				"byteOffset" : 0,
				"componentType" : 5125,
				"count" : 27384,
				"type" : "SCALAR"
			},
			{
				"bufferView": 8,
				"byteOffset" : 0,
				"componentType" : 5126,
				"count" : 5422,
				"type" : "VEC3"
								,"min": [-32.723793,184.918762,260.201019]
								,"max": [32.723793,247.159378,312.947876]
			},
			{
				"bufferView": 9,
				"byteOffset" : 0,
				"componentType" : 5126,
				"count" : 5422,
				"type" : "VEC3"
			},
			{
				"bufferView": 10,
				"byteOffset" : 0,
				"componentType" : 5126,
				"count" : 5422,
				"type" : "VEC2"
			},
			{
				"bufferView": 15,
				"byteOffset" : 0,
				"componentType" : 5125,
				"count" : 2730,
				"type" : "SCALAR"
			},
			{
				"bufferView": 12,
				"byteOffset" : 0,
				"componentType" : 5126,
				"count" : 964,
				"type" : "VEC3"
								,"min": [-13.6975031,209.105347,280.404449]
								,"max": [13.6975031,242.553589,317.7229]
			},
			{
				"bufferView": 13,
				"byteOffset" : 0,
				"componentType" : 5126,
				"count" : 964,
				"type" : "VEC3"
			},
			{
				"bufferView": 14,
				"byteOffset" : 0,
				"componentType" : 5126,
				"count" : 964,
				"type" : "VEC2"
			},
			{
				"bufferView": 19,
				"byteOffset" : 0,
				"componentType" : 5125,
				"count" : 4392,
				"type" : "SCALAR"
			},
			{
				"bufferView": 16,
				"byteOffset" : 0,
				"componentType" : 5126,
				"count" : 1284,
				"type" : "VEC3"
								,"min": [-12.5442095,223.037521,301.728149]
								,"max": [12.5442095,247.390137,324.102173]
			},
			{
				"bufferView": 17,
				"byteOffset" : 0,
				"componentType" : 5126,
				"count" : 1284,
				"type" : "VEC3"
			},
			{
				"bufferView": 18,
				"byteOffset" : 0,
				"componentType" : 5126,
				"count" : 1284,
				"type" : "VEC2"
			},
			{
				"bufferView": 23,
				"byteOffset" : 0,
				"componentType" : 5125,
				"count" : 1380,
				"type" : "SCALAR"
			},
			{
				"bufferView": 20,
				"byteOffset" : 0,
				"componentType" : 5126,
				"count" : 452,
				"type" : "VEC3"
								,"min": [-8.60000038,222.341049,298.748291]
								,"max": [8.60000038,242.277161,318.024139]
			},
			{
				"bufferView": 21,
				"byteOffset" : 0,
				"componentType" : 5126,
				"count" : 452,
				"type" : "VEC3"
			},
			{
				"bufferView": 22,
				"byteOffset" : 0,
				"componentType" : 5126,
				"count" : 452,
				"type" : "VEC2"
			},
			{
				"bufferView": 27,
				"byteOffset" : 0,
				"componentType" : 5125,
				"count" : 1008,
				"type" : "SCALAR"
			},
			{
				"bufferView": 24,
				"byteOffset" : 0,
				"componentType" : 5126,
				"count" : 344,
				"type" : "VEC3"
								,"min": [-11.4956789,208.336609,281.926056]
								,"max": [11.4956789,228.054276,297.11264]
			},
			{
				"bufferView": 25,
				"byteOffset" : 0,
				"componentType" : 5126,
				"count" : 344,
				"type" : "VEC3"
			},
			{
				"bufferView": 26,
				"byteOffset" : 0,
				"componentType" : 5126,
				"count" : 344,
				"type" : "VEC2"
			},
			{
				"bufferView": 31,
				"byteOffset" : 0,
				"componentType" : 5125,
				"count" : 1008,
				"type" : "SCALAR"
			},
			{
				"bufferView": 28,
				"byteOffset" : 0,
				"componentType" : 5126,
				"count" : 344,
				"type" : "VEC3"
								,"min": [-14.25,210.98407,286.933289]
								,"max": [14.25,234.800415,304.933929]
			},
			{
				"bufferView": 29,
				"byteOffset" : 0,
				"componentType" : 5126,
				"count" : 344,
				"type" : "VEC3"
			},
			{
				"bufferView": 30,
				"byteOffset" : 0,
				"componentType" : 5126,
				"count" : 344,
				"type" : "VEC2"
			},
			{
				"bufferView": 35,
				"byteOffset" : 0,
				"componentType" : 5125,
				"count" : 50196,
				"type" : "SCALAR"
			},
			{
				"bufferView": 32,
				"byteOffset" : 0,
				"componentType" : 5126,
				"count" : 9458,
				"type" : "VEC3"
								,"min": [-39.5990143,188.440414,268.952637]
								,"max": [39.5990143,255.383469,321.730255]
			},
			{
				"bufferView": 33,
				"byteOffset" : 0,
				"componentType" : 5126,
				"count" : 9458,
				"type" : "VEC3"
			},
			{
				"bufferView": 34,
				"byteOffset" : 0,
				"componentType" : 5126,
				"count" : 9458,
				"type" : "VEC2"
			},
			{
				"bufferView": 39,
				"byteOffset" : 0,
				"componentType" : 5125,
				"count" : 1584,
				"type" : "SCALAR"
			},
			{
				"bufferView": 36,
				"byteOffset" : 0,
				"componentType" : 5126,
				"count" : 560,
				"type" : "VEC3"
								,"min": [-13.1215591,213.11734,288.308228]
								,"max": [13.1215591,236.158539,308.173767]
			},
			{
				"bufferView": 37,
				"byteOffset" : 0,
				"componentType" : 5126,
				"count" : 560,
				"type" : "VEC3"
			},
			{
				"bufferView": 38,
				"byteOffset" : 0,
				"componentType" : 5126,
				"count" : 560,
				"type" : "VEC2"
			},
			{
				"bufferView": 43,
				"byteOffset" : 0,
				"componentType" : 5125,
				"count" : 1080,
				"type" : "SCALAR"
			},
			{
				"bufferView": 40,
				"byteOffset" : 0,
				"componentType" : 5126,
				"count" : 388,
				"type" : "VEC3"
								,"min": [-11.9668589,206.888016,279.443298]
								,"max": [11.9668589,225.721817,294.431732]
			},
			{
				"bufferView": 41,
				"byteOffset" : 0,
				"componentType" : 5126,
				"count" : 388,
				"type" : "VEC3"
			},
			{
				"bufferView": 42,
				"byteOffset" : 0,
				"componentType" : 5126,
				"count" : 388,
				"type" : "VEC2"
			},
			{
				"bufferView": 47,
				"byteOffset" : 0,
				"componentType" : 5125,
				"count" : 50196,
				"type" : "SCALAR"
			},
			{
				"bufferView": 44,
				"byteOffset" : 0,
				"componentType" : 5126,
				"count" : 9458,
				"type" : "VEC3"
								,"min": [-39.5848732,-246.487793,-326.508392]
								,"max": [39.5848732,-179.541809,-273.728607]
			},
			{
				"bufferView": 45,
				"byteOffset" : 0,
				"componentType" : 5126,
				"count" : 9458,
				"type" : "VEC3"
			},
			{
				"bufferView": 46,
				"byteOffset" : 0,
				"componentType" : 5126,
				"count" : 9458,
				"type" : "VEC2"
			},
			{
				"bufferView": 51,
				"byteOffset" : 0,
				"componentType" : 5125,
				"count" : 27384,
				"type" : "SCALAR"
			},
			{
				"bufferView": 48,
				"byteOffset" : 0,
				"componentType" : 5126,
				"count" : 5422,
				"type" : "VEC3"
								,"min": [-32.7017479,-237.333939,-316.446167]
								,"max": [32.7017479,-175.062927,-263.677551]
			},
			{
				"bufferView": 49,
				"byteOffset" : 0,
				"componentType" : 5126,
				"count" : 5422,
				"type" : "VEC3"
			},
			{
				"bufferView": 50,
				"byteOffset" : 0,
				"componentType" : 5126,
				"count" : 5422,
				"type" : "VEC2"
			},
			{
				"bufferView": 55,
				"byteOffset" : 0,
				"componentType" : 5125,
				"count" : 12684,
				"type" : "SCALAR"
			},
			{
				"bufferView": 52,
				"byteOffset" : 0,
				"componentType" : 5126,
				"count" : 2660,
				"type" : "VEC3"
								,"min": [-29.9764996,-224.340988,-299.510864]
								,"max": [29.9764996,-175.590225,-262.713104]
			},
			{
				"bufferView": 53,
				"byteOffset" : 0,
				"componentType" : 5126,
				"count" : 2660,
				"type" : "VEC3"
			},
			{
				"bufferView": 54,
				"byteOffset" : 0,
				"componentType" : 5126,
				"count" : 2660,
				"type" : "VEC2"
			},
			{
				"bufferView": 59,
				"byteOffset" : 0,
				"componentType" : 5125,
				"count" : 5208,
				"type" : "SCALAR"
			},
			{
				"bufferView": 56,
				"byteOffset" : 0,
				"componentType" : 5126,
				"count" : 1288,
				"type" : "VEC3"
								,"min": [-17.4997196,-209.797577,-286.054901]
								,"max": [17.4997196,-180.740067,-264.216431]
			},
			{
				"bufferView": 57,
				"byteOffset" : 0,
				"componentType" : 5126,
				"count" : 1288,
				"type" : "VEC3"
			},
			{
				"bufferView": 58,
				"byteOffset" : 0,
				"componentType" : 5126,
				"count" : 1288,
				"type" : "VEC2"
			},
			{
				"bufferView": 63,
				"byteOffset" : 0,
				"componentType" : 5125,
				"count" : 2382,
				"type" : "SCALAR"
			},
			{
				"bufferView": 60,
				"byteOffset" : 0,
				"componentType" : 5126,
				"count" : 834,
				"type" : "VEC3"
								,"min": [-7.98088551,-209.484421,-292.000244]
								,"max": [7.98088551,-188.371246,-269.804291]
			},
			{
				"bufferView": 61,
				"byteOffset" : 0,
				"componentType" : 5126,
				"count" : 834,
				"type" : "VEC3"
			},
			{
				"bufferView": 62,
				"byteOffset" : 0,
				"componentType" : 5126,
				"count" : 834,
				"type" : "VEC2"
			},
			{
				"bufferView": 67,
				"byteOffset" : 0,
				"componentType" : 5125,
				"count" : 13200,
				"type" : "SCALAR"
			},
			{
				"bufferView": 64,
				"byteOffset" : 0,
				"componentType" : 5126,
				"count" : 2832,
				"type" : "VEC3"
								,"min": [-29.9949322,-236.789307,-316.522095]
								,"max": [29.9949322,-188.073257,-279.760803]
			},
			{
				"bufferView": 65,
				"byteOffset" : 0,
				"componentType" : 5126,
				"count" : 2832,
				"type" : "VEC3"
			},
			{
				"bufferView": 66,
				"byteOffset" : 0,
				"componentType" : 5126,
				"count" : 2832,
				"type" : "VEC2"
			},
			{
				"bufferView": 71,
				"byteOffset" : 0,
				"componentType" : 5125,
				"count" : 2256,
				"type" : "SCALAR"
			},
			{
				"bufferView": 68,
				"byteOffset" : 0,
				"componentType" : 5126,
				"count" : 680,
				"type" : "VEC3"
								,"min": [-6.8914113,-220.72554,-307.163177]
								,"max": [6.8914113,-196.91655,-279.213318]
			},
			{
				"bufferView": 69,
				"byteOffset" : 0,
				"componentType" : 5126,
				"count" : 680,
				"type" : "VEC3"
			},
			{
				"bufferView": 70,
				"byteOffset" : 0,
				"componentType" : 5126,
				"count" : 680,
				"type" : "VEC2"
			},
			{
				"bufferView": 75,
				"byteOffset" : 0,
				"componentType" : 5125,
				"count" : 1008,
				"type" : "SCALAR"
			},
			{
				"bufferView": 72,
				"byteOffset" : 0,
				"componentType" : 5126,
				"count" : 344,
				"type" : "VEC3"
								,"min": [-5.99227095,-0.998266876,-369.600006]
								,"max": [5.99227095,10.9982672,-368.299988]
			},
			{
				"bufferView": 73,
				"byteOffset" : 0,
				"componentType" : 5126,
				"count" : 344,
				"type" : "VEC3"
			},
			{
				"bufferView": 74,
				"byteOffset" : 0,
				"componentType" : 5126,
				"count" : 344,
				"type" : "VEC2"
			},
			{
				"bufferView": 79,
				"byteOffset" : 0,
				"componentType" : 5125,
				"count" : 1008,
				"type" : "SCALAR"
			},
			{
				"bufferView": 76,
				"byteOffset" : 0,
				"componentType" : 5126,
				"count" : 344,
				"type" : "VEC3"
								,"min": [-8.99870205,-3.98496151,-367.700012]
								,"max": [8.99870205,13.9849615,-357.700012]
			},
			{
				"bufferView": 77,
				"byteOffset" : 0,
				"componentType" : 5126,
				"count" : 344,
				"type" : "VEC3"
			},
			{
				"bufferView": 78,
				"byteOffset" : 0,
				"componentType" : 5126,
				"count" : 344,
				"type" : "VEC2"
			},
			{
				"bufferView": 83,
				"byteOffset" : 0,
				"componentType" : 5125,
				"count" : 1374,
				"type" : "SCALAR"
			},
			{
				"bufferView": 80,
				"byteOffset" : 0,
				"componentType" : 5126,
				"count" : 480,
				"type" : "VEC3"
								,"min": [-5.99430084,-0.997078001,-357.100006]
								,"max": [5.99430084,10.9970779,-355.5]
			},
			{
				"bufferView": 81,
				"byteOffset" : 0,
				"componentType" : 5126,
				"count" : 480,
				"type" : "VEC3"
			},
			{
				"bufferView": 82,
				"byteOffset" : 0,
				"componentType" : 5126,
				"count" : 480,
				"type" : "VEC2"
			},
			{
				"bufferView": 87,
				"byteOffset" : 0,
				"componentType" : 5125,
				"count" : 1272,
				"type" : "SCALAR"
			},
			{
				"bufferView": 84,
				"byteOffset" : 0,
				"componentType" : 5126,
				"count" : 432,
				"type" : "VEC3"
								,"min": [-496.451019,370.888733,-216.409058]
								,"max": [155.487335,688.832214,189.903427]
			},
			{
				"bufferView": 85,
				"byteOffset" : 0,
				"componentType" : 5126,
				"count" : 432,
				"type" : "VEC3"
			},
			{
				"bufferView": 86,
				"byteOffset" : 0,
				"componentType" : 5126,
				"count" : 432,
				"type" : "VEC2"
			},
			{
				"bufferView": 91,
				"byteOffset" : 0,
				"componentType" : 5125,
				"count" : 70869,
				"type" : "SCALAR"
			},
			{
				"bufferView": 88,
				"byteOffset" : 0,
				"componentType" : 5126,
				"count" : 21414,
				"type" : "VEC3"
								,"min": [-16.7194633,156.055191,242.299088]
								,"max": [16.7194633,195.776047,284.236389]
			},
			{
				"bufferView": 89,
				"byteOffset" : 0,
				"componentType" : 5126,
				"count" : 21414,
				"type" : "VEC3"
			},
			{
				"bufferView": 90,
				"byteOffset" : 0,
				"componentType" : 5126,
				"count" : 21414,
				"type" : "VEC2"
			},
			{
				"bufferView": 95,
				"byteOffset" : 0,
				"componentType" : 5125,
				"count" : 269208,
				"type" : "SCALAR"
			},
			{
				"bufferView": 92,
				"byteOffset" : 0,
				"componentType" : 5126,
				"count" : 65533,
				"type" : "VEC3"
								,"min": [-14.75,148.447433,230.507523]
								,"max": [14.75,175.68248,266.299408]
			},
			{
				"bufferView": 93,
				"byteOffset" : 0,
				"componentType" : 5126,
				"count" : 65533,
				"type" : "VEC3"
			},
			{
				"bufferView": 94,
				"byteOffset" : 0,
				"componentType" : 5126,
				"count" : 65533,
				"type" : "VEC2"
			},
			{
				"bufferView": 95,
				"byteOffset" : 1076832,
				"componentType" : 5125,
				"count" : 33048,
				"type" : "SCALAR"
			},
			{
				"bufferView": 92,
				"byteOffset" : 786396,
				"componentType" : 5126,
				"count" : 8367,
				"type" : "VEC3"
								,"min": [-13.5587931,157.035294,246.374786]
								,"max": [13.5587931,171.388245,266.299408]
			},
			{
				"bufferView": 93,
				"byteOffset" : 786396,
				"componentType" : 5126,
				"count" : 8367,
				"type" : "VEC3"
			},
			{
				"bufferView": 94,
				"byteOffset" : 524264,
				"componentType" : 5126,
				"count" : 8367,
				"type" : "VEC2"
			},
			{
				"bufferView": 99,
				"byteOffset" : 0,
				"componentType" : 5125,
				"count" : 5424,
				"type" : "SCALAR"
			},
			{
				"bufferView": 96,
				"byteOffset" : 0,
				"componentType" : 5126,
				"count" : 1448,
				"type" : "VEC3"
								,"min": [7.79420519,159.027145,236.473221]
								,"max": [12.2057953,172.135056,253.774582]
			},
			{
				"bufferView": 97,
				"byteOffset" : 0,
				"componentType" : 5126,
				"count" : 1448,
				"type" : "VEC3"
			},
			{
				"bufferView": 98,
				"byteOffset" : 0,
				"componentType" : 5126,
				"count" : 1448,
				"type" : "VEC2"
			},
			{
				"bufferView": 103,
				"byteOffset" : 0,
				"componentType" : 5125,
				"count" : 5424,
				"type" : "SCALAR"
			},
			{
				"bufferView": 100,
				"byteOffset" : 0,
				"componentType" : 5126,
				"count" : 1448,
				"type" : "VEC3"
								,"min": [-12.2057953,159.027145,236.473221]
								,"max": [-7.79420519,172.135056,253.774582]
			},
			{
				"bufferView": 101,
				"byteOffset" : 0,
				"componentType" : 5126,
				"count" : 1448,
				"type" : "VEC3"
			},
			{
				"bufferView": 102,
				"byteOffset" : 0,
				"componentType" : 5126,
				"count" : 1448,
				"type" : "VEC2"
			},
			{
				"bufferView": 107,
				"byteOffset" : 0,
				"componentType" : 5125,
				"count" : 13638,
				"type" : "SCALAR"
			},
			{
				"bufferView": 104,
				"byteOffset" : 0,
				"componentType" : 5126,
				"count" : 4566,
				"type" : "VEC3"
								,"min": [8.22500038,162.134521,249.018555]
								,"max": [11.7749996,169.298111,255.248306]
			},
			{
				"bufferView": 105,
				"byteOffset" : 0,
				"componentType" : 5126,
				"count" : 4566,
				"type" : "VEC3"
			},
			{
				"bufferView": 106,
				"byteOffset" : 0,
				"componentType" : 5126,
				"count" : 4566,
				"type" : "VEC2"
			},
			{
				"bufferView": 111,
				"byteOffset" : 0,
				"componentType" : 5125,
				"count" : 13638,
				"type" : "SCALAR"
			},
			{
				"bufferView": 108,
				"byteOffset" : 0,
				"componentType" : 5126,
				"count" : 4566,
				"type" : "VEC3"
								,"min": [-11.7744436,162.128235,249.018127]
								,"max": [-8.22555637,169.29895,255.25705]
			},
			{
				"bufferView": 109,
				"byteOffset" : 0,
				"componentType" : 5126,
				"count" : 4566,
				"type" : "VEC3"
			},
			{
				"bufferView": 110,
				"byteOffset" : 0,
				"componentType" : 5126,
				"count" : 4566,
				"type" : "VEC2"
			},
			{
				"bufferView": 115,
				"byteOffset" : 0,
				"componentType" : 5125,
				"count" : 3876,
				"type" : "SCALAR"
			},
			{
				"bufferView": 112,
				"byteOffset" : 0,
				"componentType" : 5126,
				"count" : 892,
				"type" : "VEC3"
								,"min": [2.84644628,154.244843,230.440308]
								,"max": [7.15355349,161.457825,238.759537]
			},
			{
				"bufferView": 113,
				"byteOffset" : 0,
				"componentType" : 5126,
				"count" : 892,
				"type" : "VEC3"
			},
			{
				"bufferView": 114,
				"byteOffset" : 0,
				"componentType" : 5126,
				"count" : 892,
				"type" : "VEC2"
			},
			{
				"bufferView": 119,
				"byteOffset" : 0,
				"componentType" : 5125,
				"count" : 3876,
				"type" : "SCALAR"
			},
			{
				"bufferView": 116,
				"byteOffset" : 0,
				"componentType" : 5126,
				"count" : 892,
				"type" : "VEC3"
								,"min": [-7.1562109,154.245895,230.441071]
								,"max": [-2.8437891,161.457336,238.759171]
			},
			{
				"bufferView": 117,
				"byteOffset" : 0,
				"componentType" : 5126,
				"count" : 892,
				"type" : "VEC3"
			},
			{
				"bufferView": 118,
				"byteOffset" : 0,
				"componentType" : 5126,
				"count" : 892,
				"type" : "VEC2"
			},
			{
				"bufferView": 123,
				"byteOffset" : 0,
				"componentType" : 5125,
				"count" : 1854,
				"type" : "SCALAR"
			},
			{
				"bufferView": 120,
				"byteOffset" : 0,
				"componentType" : 5126,
				"count" : 661,
				"type" : "VEC3"
								,"min": [-38.2856712,-193.977417,-308.934326]
								,"max": [33.4285698,-158.298264,-271.956116]
			},
			{
				"bufferView": 121,
				"byteOffset" : 0,
				"componentType" : 5126,
				"count" : 661,
				"type" : "VEC3"
			},
			{
				"bufferView": 122,
				"byteOffset" : 0,
				"componentType" : 5126,
				"count" : 661,
				"type" : "VEC2"
			},
			{
				"bufferView": 127,
				"byteOffset" : 0,
				"componentType" : 5125,
				"count" : 1272,
				"type" : "SCALAR"
			},
			{
				"bufferView": 124,
				"byteOffset" : 0,
				"componentType" : 5126,
				"count" : 500,
				"type" : "VEC3"
								,"min": [-27.0439148,-184.5746,-317.407898]
								,"max": [27.0439148,-146.726166,-278.841248]
			},
			{
				"bufferView": 125,
				"byteOffset" : 0,
				"componentType" : 5126,
				"count" : 500,
				"type" : "VEC3"
			},
			{
				"bufferView": 126,
				"byteOffset" : 0,
				"componentType" : 5126,
